##FastQC	0.10.1
>>Basic Statistics	pass
#Measure	Value	
Filename	A22-10-R1_val_1.fq	
File type	Conventional base calls	
Encoding	Sanger / Illumina 1.9	
Total Sequences	18232041	
Filtered Sequences	0	
Sequence length	20-101	
%GC	40	
>>END_MODULE
>>Per base sequence quality	pass
#Base	Mean	Median	Lower Quartile	Upper Quartile	10th Percentile	90th Percentile
1	32.035704724446376	33.0	31.0	34.0	30.0	34.0
2	32.28607400564753	34.0	31.0	34.0	30.0	34.0
3	32.39061973368752	34.0	31.0	34.0	30.0	34.0
4	35.94159858460169	37.0	35.0	37.0	35.0	37.0
5	35.750949989636375	37.0	35.0	37.0	33.0	37.0
6	35.69867257319134	37.0	35.0	37.0	33.0	37.0
7	35.74661465493633	37.0	35.0	37.0	33.0	37.0
8	35.711630639707316	37.0	35.0	37.0	33.0	37.0
9	37.20333719082795	39.0	37.0	39.0	33.0	39.0
10-14	37.50529428932285	39.2	37.2	39.4	33.4	39.4
15-19	38.533529603185954	40.0	38.0	41.0	34.0	41.0
20-24	38.43760376539226	40.0	38.0	41.0	34.0	41.0
25-29	38.13695620991956	40.0	37.8	41.0	33.0	41.0
30-34	35.364408439953635	39.0	34.2	41.0	21.2	41.0
35-39	37.420185685443	39.4	36.6	41.0	31.0	41.0
40-44	37.55226125303725	40.0	36.8	41.0	31.8	41.0
45-49	37.32125311285232	39.2	36.0	41.0	31.0	41.0
50-54	36.93256403785584	39.0	35.0	41.0	31.0	41.0
55-59	36.69239517143203	38.4	35.0	40.6	31.0	41.0
60-64	36.16556952203217	37.4	34.6	40.0	30.2	41.0
65-69	35.48616504754716	36.2	34.0	39.2	29.6	41.0
70-74	34.82192261673392	35.0	34.0	38.2	29.0	40.4
75-79	33.80799584465975	34.8	32.4	36.2	28.2	39.2
80-84	33.75105113629802	35.0	33.0	36.0	29.0	38.0
85-89	33.397152818083576	35.0	33.0	35.0	29.0	36.6
90-94	33.1671744063751	35.0	33.0	35.0	29.0	36.0
95-99	33.22668119727806	35.0	33.0	35.0	29.0	36.0
100-101	33.08916342569377	34.5	32.0	35.0	29.0	35.5
>>END_MODULE
>>Per sequence quality scores	pass
#Quality	Count
18	1.0
19	43.0
20	437.0
21	1089.0
22	4574.0
23	16842.0
24	45047.0
25	93976.0
26	161417.0
27	240493.0
28	324060.0
29	408925.0
30	493271.0
31	594474.0
32	724157.0
33	917604.0
34	1235189.0
35	1834728.0
36	2871507.0
37	3759615.0
38	3388294.0
39	1108113.0
40	8185.0
>>END_MODULE
>>Per base sequence content	fail
#Base	G	A	T	C
1	25.850794469685546	17.81115298578907	19.631946029739357	36.70610651478603
2	21.837769013354016	22.163656828108273	35.40844384893605	20.59013030960165
3	21.807470705007738	25.475842227428075	29.582140584260426	23.13454648330376
4	23.850374184656562	30.28449749537093	24.20165685235131	21.663471467621207
5	24.217239309630774	33.73440197946023	25.266035766374156	16.782322944534844
6	18.678687701503087	38.86317500053889	25.001627629073454	17.456509668884575
7	16.115069069886363	20.16983178131291	46.299204790072594	17.41589435872813
8	17.201080230128927	27.062609172500213	31.97406697363175	23.762243623739106
9	19.65125572062941	25.147486230422583	34.4053855517328	20.795872497215203
10-14	19.7009232263135	31.94310390153247	28.25717098815212	20.098801884001908
15-19	19.77172550771125	30.32723470848055	30.12353193398533	19.777507849822868
20-24	19.585709262772003	30.361598116669985	30.271082182758562	19.78161043779945
25-29	19.5460493701459	31.196248398823055	29.668695285342668	19.58900694568838
30-34	19.89734066184179	30.801836490669682	30.011683953575663	19.28913889391287
35-39	20.297270711377124	30.945844314021752	29.21201519966893	19.5448697749322
40-44	19.989421000641748	30.749632148608104	29.229375166760583	20.03157168398956
45-49	20.462335049294282	29.953482066040987	29.581242776470212	20.002940108194526
50-54	19.89454139465319	30.193617825869374	30.064279442399204	19.84756133707823
55-59	19.96535215880742	30.003991527419466	29.93155019247643	20.099106121296682
60-64	19.397921606691458	30.658295811534554	30.115918951892382	19.827863629881605
65-69	19.46193217034221	31.14253081849802	29.320722933176054	20.074814077983717
70-74	20.09137500791271	30.17535281346438	29.819100487261856	19.91417169136105
75-79	20.100672654442423	29.559183941538684	30.55629141423108	19.783851989787816
80-84	19.385632039699868	30.192939337294533	30.9057784771909	19.515650145814696
85-89	19.754225844606474	30.30555812314172	30.330007070411142	19.610208961840662
90-94	19.820737431589112	30.068628195086966	30.364355915409845	19.746278457914077
95-99	20.231853863376376	29.5900799589033	30.058114901813898	20.119951275906427
100-101	20.50947860613123	14.965384703720991	38.608939776862805	25.91619691328497
>>END_MODULE
>>Per base GC content	fail
#Base	%GC
1	62.556900984471575
2	42.42789932295567
3	44.9420171883115
4	45.513845652277766
5	40.999562254165625
6	36.13519737038766
7	33.53096342861449
8	40.96332385386803
9	40.44712821784462
10-14	39.79972511031541
15-19	39.54923335753411
20-24	39.36731970057145
25-29	39.13505631583428
30-34	39.18647955575466
35-39	39.84214048630932
40-44	40.02099268463131
45-49	40.465275157488804
50-54	39.742102731731414
55-59	40.064458280104105
60-64	39.22578523657306
65-69	39.536746248325926
70-74	40.005546699273765
75-79	39.88452464423023
80-84	38.90128218551457
85-89	39.36443480644714
90-94	39.56701588950319
95-99	40.3518051392828
100-101	46.4256755194162
>>END_MODULE
>>Per sequence GC content	fail
#GC Content	Count
0	361.0
1	340.0
2	365.5
3	435.0
4	600.0
5	796.0
6	1137.5
7	1610.5
8	3605.0
9	6788.0
10	12826.5
11	18067.0
12	20026.0
13	19930.0
14	26558.5
15	40476.5
16	59299.0
17	84659.5
18	89965.5
19	100135.0
20	146828.5
21	165991.0
22	176612.5
23	235722.5
24	343429.0
25	465908.5
26	461275.5
27	423002.0
28	490546.0
29	548929.5
30	650212.0
31	718711.0
32	647152.0
33	522823.5
34	425392.5
35	401074.5
36	403714.0
37	394499.5
38	384488.0
39	390487.5
40	403420.5
41	423025.0
42	444576.0
43	446785.0
44	453939.5
45	497536.0
46	533742.5
47	548189.0
48	538856.0
49	526895.0
50	521396.5
51	496260.0
52	469075.5
53	467719.5
54	457954.0
55	409104.5
56	356611.0
57	316966.5
58	282448.0
59	243618.0
60	198753.5
61	156757.0
62	125303.5
63	104716.5
64	88350.5
65	74515.5
66	64656.5
67	55469.0
68	42024.0
69	30038.0
70	22076.0
71	16463.0
72	12472.5
73	9753.0
74	7552.0
75	5384.0
76	3647.0
77	2616.0
78	1928.0
79	1408.0
80	1089.5
81	858.0
82	680.5
83	521.0
84	377.0
85	275.0
86	219.5
87	197.0
88	161.0
89	119.5
90	87.5
91	68.0
92	64.0
93	56.0
94	39.0
95	27.0
96	24.0
97	24.0
98	14.0
99	4.0
100	4.0
>>END_MODULE
>>Per base N content	pass
#Base	N-Count
1	0.16951475701486193
2	0.0
3	0.0
4	0.0
5	0.0
6	0.0
7	0.0
8	0.0
9	0.0
10-14	0.0
15-19	0.0036978854972956675
20-24	8.776982748928177E-6
25-29	0.01175624859655459
30-34	2.9488889064548194
35-39	0.007671075634813701
40-44	6.281895774752818E-4
45-49	1.1259694307026805E-4
50-54	1.8469925900758654E-4
55-59	0.0017588833779303183
60-64	0.0
65-69	4.4582873772141685E-6
70-74	3.243944394766108E-5
75-79	3.9981037308462196E-4
80-84	0.010165604132963935
85-89	3.6114535272538514E-4
90-94	1.1367594013935223E-4
95-99	3.082061840575088E-5
100-101	0.0
>>END_MODULE
>>Sequence Length Distribution	warn
#Length	Count
20-21	2105.0
22-23	3802.0
24-25	6579.0
26-27	8346.0
28-29	12849.0
30-31	6350.0
32-33	7216.0
34-35	8152.0
36-37	8771.0
38-39	9760.0
40-41	10611.0
42-43	11198.0
44-45	11957.0
46-47	13061.0
48-49	13665.0
50-51	14171.0
52-53	14344.0
54-55	15200.0
56-57	16401.0
58-59	17828.0
60-61	20017.0
62-63	21218.0
64-65	22462.0
66-67	23292.0
68-69	25337.0
70-71	27355.0
72-73	29293.0
74-75	30933.0
76-77	23299.0
78-79	30857.0
80-81	35864.0
82-83	41112.0
84-85	47766.0
86-87	57649.0
88-89	69212.0
90-91	88146.0
92-93	119352.0
94-95	177419.0
96-97	353052.0
98-99	1776567.0
100-101	1.4999473E7
>>END_MODULE
>>Sequence Duplication Levels	fail
#Total Duplicate Percentage	80.41062773166287
#Duplication Level	Relative count
1	100.0
2	33.76041096723205
3	18.15611891300383
4	12.763693841570916
5	9.644963219648611
6	7.777068514803331
7	6.7906863639127
8	5.814943157638762
9	5.062617788315399
10++	104.19934342513223
>>END_MODULE
>>Overrepresented sequences	warn
#Sequence	Count	Percentage	Possible Source
CTTTCGTACAAATAATTTAATACTAATTATAGATAGAAACCGATCTGGCT	68064	0.3733207927735573	No Hit
GTCCTTTCGTACAAATAATTTAATACTAATTATAGATAGAAACCGATCTG	58270	0.31960217728777596	No Hit
CTCATATTTTCTTTCATCCAAGTTTTTAATTAAAAAACAATTGATTATGC	50023	0.27436862389679795	No Hit
CACCGATCTAAACTCAAATCATGTAAAATTTTAAAGGTCGAACAGACCTA	45067	0.24718571003652304	No Hit
CTGGCTTACACCGATCTAAACTCAAATCATGTAAAATTTTAAAGGTCGAA	32541	0.17848248586101798	No Hit
ATTAATTTAAGGAATTAGGCAAATATTGAGCTCAACTGTTTATTAAAAAC	31975	0.1753780610739083	No Hit
GCGTAATATTTTTAGAAAGATCATATTAATAAAAATGATTGCGACCTCGA	31811	0.1744785457645691	No Hit
CAGCGTAATATTTTTAGAAAGATCATATTAATAAAAATGATTGCGACCTC	23955	0.13138956850744246	No Hit
ATTTTTAGAAAGATCATATTAATAAAAATGATTGCGACCTCGATGTTGAA	21252	0.11656402045168723	No Hit
TATTAATAAAAATGATTGCGACCTCGATGTTGAATTAAAATAAAAATTAG	20664	0.11333892897673935	No Hit
CTTTGCACAGTCATTATACTGCGGCCATTTAAAAATCTCATGGGGCAGAA	20650	0.11326214108447868	No Hit
CAAATATTGAGCTCAACTGTTTATTAAAAACATAGCTTTTAGATTATAAT	19705	0.1080789583568839	No Hit
ATTTTCTTTCATCCAAGTTTTTAATTAAAAAACAATTGATTATGCTACCT	19323	0.10598374586805724	No Hit
>>END_MODULE
>>Kmer Content	warn
#Sequence	Count	Obs/Exp Overall	Obs/Exp Max	Max Obs/Exp Position
GCGGC	1578615	2.8564112	5.1073523	70-74
CGGCC	1552950	2.7919703	6.676372	1
CGGCG	1396075	2.526116	8.311557	1
CGCCG	1366880	2.4574444	7.0860643	1
CGATC	2675365	2.1503234	9.721948	4
CACCG	1784890	2.1431687	9.001167	1
CCTCG	1733925	2.073329	5.7486973	1
CGACG	1706255	2.0619593	5.9313293	1
CCGGC	1082340	1.9458843	6.889276	1
CTGGC	1586200	1.9089172	8.060323	1
CGCGG	1041810	1.8850942	5.512297	1
CCGCG	1034670	1.8601809	5.66953	1
CCGAT	2125290	1.7082007	7.9563165	3
CAGCG	1325900	1.6023114	5.405646	1
GGCTT	1988180	1.601624	5.3726525	3
GACCT	1981935	1.5929793	5.728866	95-97
ACCGA	1944010	1.5690118	6.035169	2
CTTTC	2737580	1.4573543	6.9916244	1
GGGGC	793455	1.4449674	6.9764457	95-97
TCCTT	2596935	1.3824818	5.383832	2
GATCT	2562735	1.3787965	6.354159	5
CCTTT	2465950	1.3127518	5.5054393	3
CTCGG	1046345	1.259227	5.382633	1
TTTCG	2141220	1.1472309	5.7148085	2
TTCGT	2035850	1.0907753	5.633045	6
CGTAC	1295710	1.0414263	7.630372	5
GTCCT	1174875	0.9403843	7.159185	1
GTACA	1675485	0.90519893	5.7997136	6
TCGTA	1660940	0.89361495	5.4705315	7
>>END_MODULE
